NAME : single
TYPE : ATSP
DIMENSION : 28
EDGE_WEIGHT_TYPE : EXPLICIT
EDGE_WEIGHT_FORMAT : FULL_MATRIX
EDGE_WEIGHT_SECTION
0 33333 33342 33370 33354 33349 33337 33345 33345 33371 33392 866 821 847 887 945 890 33413 803 696 704 624 411 339 191 229 466 481 
0 0 108 262 256 244 224 77 158 238 146 280 253 416 458 377 340 233 297 456 505 510 33333 748 33333 33333 33333 33333 
0 108 0 228 234 246 266 186 56 130 169 303 275 441 482 392 368 256 326 481 528 529 693 769 33333 33333 987 33333 
0 262 228 0 54 67 129 185 178 98 233 199 174 332 369 308 238 229 235 350 415 424 581 718 33333 33333 33333 33333 
0 256 234 54 0 70 116 178 184 104 240 246 203 381 424 349 300 236 252 395 466 440 596 698 33333 33333 822 831 
0 244 246 67 70 0 63 167 196 116 251 232 246 384 421 321 298 248 283 447 529 502 648 779 33333 33333 33333 33333 
0 224 266 129 116 63 0 147 216 146 271 308 328 459 503 33333 413 283 359 524 605 578 699 839 33333 33333 1027 1035 
0 77 186 185 178 167 147 0 236 283 181 243 251 389 430 329 316 205 284 454 529 502 638 769 33333 33333 33333 33333 
0 158 56 178 184 196 216 236 0 79 116 275 257 398 436 332 335 209 268 409 473 461 605 732 33333 33333 33333 33333 
0 238 130 98 104 116 146 283 79 0 135 200 262 343 396 321 250 151 215 357 426 400 556 685 33333 33333 775 783 
0 146 169 233 240 251 271 181 116 135 0 269 202 272 313 245 192 87 157 311 386 360 555 597 33333 33333 33333 33333 
0 280 303 199 246 232 308 243 275 200 269 0 89 178 182 107 283 273 268 238 310 305 481 551 33333 33333 755 759 
0 253 275 174 203 246 328 251 257 262 202 89 0 246 201 175 215 205 200 197 263 236 364 435 33333 33333 33333 33333 
0 416 441 332 381 384 459 389 398 343 272 178 246 0 130 162 138 172 153 123 190 270 364 435 33333 33333 33333 633 
0 458 482 369 424 421 503 430 436 396 313 182 201 130 0 174 268 278 283 141 200 251 33333 475 33333 33333 33333 668 
0 377 392 308 349 321 33333 329 332 321 245 107 175 162 174 0 209 219 224 278 349 365 556 626 33333 33333 33333 33333 
0 340 368 238 300 298 413 316 335 250 192 283 215 138 268 209 0 91 86 211 278 285 457 528 33333 33333 33333 733 
0 233 256 229 236 248 283 205 209 151 87 273 205 172 278 219 91 0 74 232 301 280 422 492 33333 585 33333 33333 
0 297 326 235 252 283 359 284 268 215 157 268 200 153 283 224 86 74 0 226 227 213 359 429 33333 518 632 637 
0 456 481 350 395 447 524 454 409 357 311 238 197 123 141 278 211 232 226 0 72 197 310 381 33333 33333 33333 549 
0 505 528 415 466 529 605 529 473 426 386 310 263 190 200 349 278 301 227 72 0 233 363 340 33333 425 540 553 
0 510 529 424 440 502 578 502 461 400 360 305 236 270 251 365 285 280 213 197 233 0 198 257 368 342 451 463 
0 33333 693 581 596 648 699 638 605 556 555 481 364 364 33333 556 457 422 359 310 363 198 0 70 172 170 278 294 
0 748 769 718 698 779 839 769 732 685 597 551 435 435 475 626 528 492 429 381 340 257 70 0 113 119 208 224 
0 33333 33333 33333 33333 33333 33333 33333 33333 33333 33333 33333 33333 33333 33333 33333 33333 33333 33333 33333 33333 368 172 113 0 146 151 171 
0 33333 33333 33333 33333 33333 33333 33333 33333 33333 33333 33333 33333 33333 33333 33333 33333 585 518 33333 425 342 170 119 146 0 131 150 
0 33333 987 33333 822 33333 1027 33333 33333 775 33333 755 33333 33333 33333 33333 33333 33333 632 33333 540 451 278 208 151 131 0 66 
0 33333 33333 33333 831 33333 1035 33333 33333 783 33333 759 33333 633 668 33333 733 33333 637 549 553 463 294 224 171 150 66 0 
EOF